image: maze_8_10.png
resolution: 0.005
origin: [-0.200000, -0.200000, 0.000000]
occupied_thresh: 0.65
